## Detector setup file for new FPD
########################################################################
##
##	#FP	Energy	Time	Pos
Size: 	368 	0 	1 	1
#RawHits:
#
Multi-hit: 8
#
##	Scalers	Calib	Overlap	Micro	#trig	Toff	Tres
Misc:	1	1	0	0	0	0.0	0.0
##
Window:   -20. 20. -40. -20.
Window:   -20. 20.  20.  40.
##
## N.B. No QDC information supplied
##
Element:   0 0.0 0.0 0.0 0.0    849M0 -700.0 700.0 -6000.0 0.1000 0 0 0  1537.677  6.343  2067
Element:   1 0.0 0.0 0.0 0.0    832M0 -700.0 700.0 -6000.0 0.1000 0 0 0  1531.610  6.365  2064
Element:   2 0.0 0.0 0.0 0.0    833M0 -700.0 700.0 -6000.0 0.1000 0 0 0  1525.078  6.366  2066
Element:   3 0.0 0.0 0.0 0.0    848M0 -700.0 700.0 -6000.0 0.1000 0 0 0  1518.966  6.388  2065
Element:   4 0.0 0.0 0.0 0.0    817M0 -700.0 700.0 -6000.0 0.1000 0 0 0  1512.436  6.387  2867
Element:   5 0.0 0.0 0.0 0.0    800M0 -700.0 700.0 -6000.0 0.1000 0 0 0  1506.280  6.406  2864
Element:   6 0.0 0.0 0.0 0.0    801M0 -700.0 700.0 -6000.0 0.1000 0 0 0  1499.752  6.404  2866
Element:   7 0.0 0.0 0.0 0.0    816M0 -700.0 700.0 -6000.0 0.1000 0 0 0  1493.557  6.423  2865
Element:   8 0.0 0.0 0.0 0.0    977M0 -700.0 700.0 -6000.0 0.1000 0 0 0  1484.178  6.293  2355
Element:   9 0.0 0.0 0.0 0.0    960M0 -700.0 700.0 -6000.0 0.1000 0 0 0  1478.145  6.311  2352
Element:  10 0.0 0.0 0.0 0.0    961M0 -700.0 700.0 -6000.0 0.1000 0 0 0  1471.687  6.306  2354
Element:  11 0.0 0.0 0.0 0.0    976M0 -700.0 700.0 -6000.0 0.1000 0 0 0  1465.619  6.323  2353
Element:  12 0.0 0.0 0.0 0.0    945M0 -700.0 700.0 -6000.0 0.1000 0 0 0  1459.167  6.320  2003
Element:  13 0.0 0.0 0.0 0.0    928M0 -700.0 700.0 -6000.0 0.1000 0 0 0  1453.068  6.333  2000
Element:  14 0.0 0.0 0.0 0.0    929M0 -700.0 700.0 -6000.0 0.1000 0 0 0  1446.625  6.328  2002
Element:  15 0.0 0.0 0.0 0.0    944M0 -700.0 700.0 -6000.0 0.1000 0 0 0  1440.495  6.342  2001
Element:  16 0.0 0.0 0.0 0.0   1105M0 -700.0 700.0 -6000.0 0.1000 0 0 0  1431.393  6.216  2611
Element:  17 0.0 0.0 0.0 0.0   1088M0 -700.0 700.0 -6000.0 0.1000 0 0 0  1425.419  6.228  2608
Element:  18 0.0 0.0 0.0 0.0   1089M0 -700.0 700.0 -6000.0 0.1000 0 0 0  1419.057  6.223  2610
Element:  19 0.0 0.0 0.0 0.0   1104M0 -700.0 700.0 -6000.0 0.1000 0 0 0  1413.059  6.233  2609
Element:  20 0.0 0.0 0.0 0.0   1073M0 -700.0 700.0 -6000.0 0.1000 0 0 0  1406.710  6.226  2323
Element:  21 0.0 0.0 0.0 0.0   1056M0 -700.0 700.0 -6000.0 0.1000 0 0 0  1400.689  6.236  2320
Element:  22 0.0 0.0 0.0 0.0   1057M0 -700.0 700.0 -6000.0 0.1000 0 0 0  1394.356  6.228  2322
Element:  23 0.0 0.0 0.0 0.0   1072M0 -700.0 700.0 -6000.0 0.1000 0 0 0  1388.315  6.236  2321
Element:  24 0.0 0.0 0.0 0.0    913M0 -700.0 700.0 -6000.0 0.1000 0 0 0  1379.523  6.118  2291
Element:  25 0.0 0.0 0.0 0.0    896M0 -700.0 700.0 -6000.0 0.1000 0 0 0  1373.629  6.125  2288
Element:  26 0.0 0.0 0.0 0.0    897M0 -700.0 700.0 -6000.0 0.1000 0 0 0  1367.386  6.117  2290
Element:  27 0.0 0.0 0.0 0.0    912M0 -700.0 700.0 -6000.0 0.1000 0 0 0  1361.479  6.122  2289
Element:  28 0.0 0.0 0.0 0.0    881M0 -700.0 700.0 -6000.0 0.1000 0 0 0  1355.254  6.114  2579
Element:  29 0.0 0.0 0.0 0.0    864M0 -700.0 700.0 -6000.0 0.1000 0 0 0  1349.332  6.119  2576
Element:  30 0.0 0.0 0.0 0.0    865M0 -700.0 700.0 -6000.0 0.1000 0 0 0  1343.128  6.107  2578
Element:  31 0.0 0.0 0.0 0.0    880M0 -700.0 700.0 -6000.0 0.1000 0 0 0  1337.197  6.111  2577
Element:  32 0.0 0.0 0.0 0.0   1041M0 -700.0 700.0 -6000.0 0.1000 0 0 0  1328.743  6.003  2035
Element:  33 0.0 0.0 0.0 0.0   1024M0 -700.0 700.0 -6000.0 0.1000 0 0 0  1322.948  6.006  2032
Element:  34 0.0 0.0 0.0 0.0   1025M0 -700.0 700.0 -6000.0 0.1000 0 0 0  1316.841  5.994  2034
Element:  35 0.0 0.0 0.0 0.0   1040M0 -700.0 700.0 -6000.0 0.1000 0 0 0  1311.040  5.997  2033
Element:  36 0.0 0.0 0.0 0.0   1009M0 -700.0 700.0 -6000.0 0.1000 0 0 0  1304.955  5.984  2643
Element:  37 0.0 0.0 0.0 0.0    992M0 -700.0 700.0 -6000.0 0.1000 0 0 0  1299.151  5.986  2640
Element:  38 0.0 0.0 0.0 0.0    993M0 -700.0 700.0 -6000.0 0.1000 0 0 0  1293.091  5.972  2642
Element:  39 0.0 0.0 0.0 0.0   1008M0 -700.0 700.0 -6000.0 0.1000 0 0 0  1287.285  5.972  2641
Element:  40 0.0 0.0 0.0 0.0   1169M0 -700.0 700.0 -6000.0 0.1000 0 0 0  1279.179  5.872  2931
Element:  41 0.0 0.0 0.0 0.0   1152M0 -700.0 700.0 -6000.0 0.1000 0 0 0  1273.499  5.872  2928
Element:  42 0.0 0.0 0.0 0.0   1153M0 -700.0 700.0 -6000.0 0.1000 0 0 0  1267.538  5.858  2930
Element:  43 0.0 0.0 0.0 0.0   1168M0 -700.0 700.0 -6000.0 0.1000 0 0 0  1261.861  5.855  2929
Element:  44 0.0 0.0 0.0 0.0   1137M0 -700.0 700.0 -6000.0 0.1000 0 0 0  1255.927  5.843  2899
Element:  45 0.0 0.0 0.0 0.0   1120M0 -700.0 700.0 -6000.0 0.1000 0 0 0  1250.254  5.839  2896
Element:  46 0.0 0.0 0.0 0.0   1121M0 -700.0 700.0 -6000.0 0.1000 0 0 0  1244.349  5.825  2898
Element:  47 0.0 0.0 0.0 0.0   1136M0 -700.0 700.0 -6000.0 0.1000 0 0 0  1238.682  5.821  2897
Element:  48 0.0 0.0 0.0 0.0    851M0 -700.0 700.0 -6000.0 0.1000 0 0 0  1230.931  5.731  2071
Element:  49 0.0 0.0 0.0 0.0    834M0 -700.0 700.0 -6000.0 0.1000 0 0 0  1225.377  5.726  2068
Element:  50 0.0 0.0 0.0 0.0    835M0 -700.0 700.0 -6000.0 0.1000 0 0 0  1219.573  5.712  2070
Element:  51 0.0 0.0 0.0 0.0    850M0 -700.0 700.0 -6000.0 0.1000 0 0 0  1214.029  5.707  2069
Element:  52 0.0 0.0 0.0 0.0    819M0 -700.0 700.0 -6000.0 0.1000 0 0 0  1208.255  5.690  2871
Element:  53 0.0 0.0 0.0 0.0    802M0 -700.0 700.0 -6000.0 0.1000 0 0 0  1202.721  5.684  2868
Element:  54 0.0 0.0 0.0 0.0    803M0 -700.0 700.0 -6000.0 0.1000 0 0 0  1196.979  5.668  2870
Element:  55 0.0 0.0 0.0 0.0    818M0 -700.0 700.0 -6000.0 0.1000 0 0 0  1191.459  5.661  2869
Element:  56 0.0 0.0 0.0 0.0    979M0 -700.0 700.0 -6000.0 0.1000 0 0 0  1184.061  5.583  2359
Element:  57 0.0 0.0 0.0 0.0    962M0 -700.0 700.0 -6000.0 0.1000 0 0 0  1178.643  5.576  2356
Element:  58 0.0 0.0 0.0 0.0    963M0 -700.0 700.0 -6000.0 0.1000 0 0 0  1173.001  5.559  2358
Element:  59 0.0 0.0 0.0 0.0    978M0 -700.0 700.0 -6000.0 0.1000 0 0 0  1167.596  5.551  2357
Element:  60 0.0 0.0 0.0 0.0    947M0 -700.0 700.0 -6000.0 0.1000 0 0 0  1161.988  5.534  2007
Element:  61 0.0 0.0 0.0 0.0    930M0 -700.0 700.0 -6000.0 0.1000 0 0 0  1156.600  5.526  2004
Element:  62 0.0 0.0 0.0 0.0    931M0 -700.0 700.0 -6000.0 0.1000 0 0 0  1151.025  5.508  2006
Element:  63 0.0 0.0 0.0 0.0    946M0 -700.0 700.0 -6000.0 0.1000 0 0 0  1145.656  5.498  2005
Element:  64 0.0 0.0 0.0 0.0   1107M0 -700.0 700.0 -6000.0 0.1000 0 0 0  1138.607  5.430  2615
Element:  65 0.0 0.0 0.0 0.0   1090M0 -700.0 700.0 -6000.0 0.1000 0 0 0  1133.326  5.421  2612
Element:  66 0.0 0.0 0.0 0.0   1091M0 -700.0 700.0 -6000.0 0.1000 0 0 0  1127.850  5.403  2614
Element:  67 0.0 0.0 0.0 0.0   1106M0 -700.0 700.0 -6000.0 0.1000 0 0 0  1122.590  5.393  2613
Element:  68 0.0 0.0 0.0 0.0   1075M0 -700.0 700.0 -6000.0 0.1000 0 0 0  1117.148  5.375  2327
Element:  69 0.0 0.0 0.0 0.0   1058M0 -700.0 700.0 -6000.0 0.1000 0 0 0  1111.910  5.364  2324
Element:  70 0.0 0.0 0.0 0.0   1059M0 -700.0 700.0 -6000.0 0.1000 0 0 0  1106.504  5.345  2326
Element:  71 0.0 0.0 0.0 0.0   1074M0 -700.0 700.0 -6000.0 0.1000 0 0 0  1101.289  5.332  2325
Element:  72 0.0 0.0 0.0 0.0    915M0 -700.0 700.0 -6000.0 0.1000 0 0 0  1094.574  5.275  2295
Element:  73 0.0 0.0 0.0 0.0    898M0 -700.0 700.0 -6000.0 0.1000 0 0 0  1089.435  5.263  2292
Element:  74 0.0 0.0 0.0 0.0    899M0 -700.0 700.0 -6000.0 0.1000 0 0 0  1084.125  5.245  2294
Element:  75 0.0 0.0 0.0 0.0    914M0 -700.0 700.0 -6000.0 0.1000 0 0 0  1079.010  5.234  2293
Element:  76 0.0 0.0 0.0 0.0    883M0 -700.0 700.0 -6000.0 0.1000 0 0 0  1073.735  5.215  2583
Element:  77 0.0 0.0 0.0 0.0    866M0 -700.0 700.0 -6000.0 0.1000 0 0 0  1068.649  5.201  2580
Element:  78 0.0 0.0 0.0 0.0    867M0 -700.0 700.0 -6000.0 0.1000 0 0 0  1063.410  5.182  2582
Element:  79 0.0 0.0 0.0 0.0    882M0 -700.0 700.0 -6000.0 0.1000 0 0 0  1058.350  5.167  2581
Element:  80 0.0 0.0 0.0 0.0   1043M0 -700.0 700.0 -6000.0 0.1000 0 0 0  1051.956  5.122  2039
Element:  81 0.0 0.0 0.0 0.0   1026M0 -700.0 700.0 -6000.0 0.1000 0 0 0  1046.960  5.108  2036
Element:  82 0.0 0.0 0.0 0.0   1027M0 -700.0 700.0 -6000.0 0.1000 0 0 0  1041.813  5.089  2038
Element:  83 0.0 0.0 0.0 0.0   1042M0 -700.0 700.0 -6000.0 0.1000 0 0 0  1036.846  5.075  2037
Element:  84 0.0 0.0 0.0 0.0   1011M0 -700.0 700.0 -6000.0 0.1000 0 0 0  1031.736  5.056  2647
Element:  85 0.0 0.0 0.0 0.0    994M0 -700.0 700.0 -6000.0 0.1000 0 0 0  1026.798  5.041  2644
Element:  86 0.0 0.0 0.0 0.0    995M0 -700.0 700.0 -6000.0 0.1000 0 0 0  1021.725  5.020  2646
Element:  87 0.0 0.0 0.0 0.0   1010M0 -700.0 700.0 -6000.0 0.1000 0 0 0  1016.820  5.005  2645
Element:  88 0.0 0.0 0.0 0.0   1171M0 -700.0 700.0 -6000.0 0.1000 0 0 0  1010.726  4.969  2935
Element:  89 0.0 0.0 0.0 0.0   1154M0 -700.0 700.0 -6000.0 0.1000 0 0 0  1005.872  4.954  2932
Element:  90 0.0 0.0 0.0 0.0   1155M0 -700.0 700.0 -6000.0 0.1000 0 0 0  1000.885  4.935  2934
Element:  91 0.0 0.0 0.0 0.0   1170M0 -700.0 700.0 -6000.0 0.1000 0 0 0   996.064  4.918  2933
Element:  92 0.0 0.0 0.0 0.0   1139M0 -700.0 700.0 -6000.0 0.1000 0 0 0   991.114  4.900  2903
Element:  93 0.0 0.0 0.0 0.0   1122M0 -700.0 700.0 -6000.0 0.1000 0 0 0   986.325  4.882  2900
Element:  94 0.0 0.0 0.0 0.0   1123M0 -700.0 700.0 -6000.0 0.1000 0 0 0   981.412  4.863  2902
Element:  95 0.0 0.0 0.0 0.0   1138M0 -700.0 700.0 -6000.0 0.1000 0 0 0   976.658  4.846  2901
Element:  96 0.0 0.0 0.0 0.0    853M0 -700.0 700.0 -6000.0 0.1000 0 0 0   970.848  4.820  2075
Element:  97 0.0 0.0 0.0 0.0    836M0 -700.0 700.0 -6000.0 0.1000 0 0 0   966.134  4.802  2072
Element:  98 0.0 0.0 0.0 0.0    837M0 -700.0 700.0 -6000.0 0.1000 0 0 0   961.304  4.784  2074
Element:  99 0.0 0.0 0.0 0.0    852M0 -700.0 700.0 -6000.0 0.1000 0 0 0   956.625  4.766  2073
Element: 100 0.0 0.0 0.0 0.0    821M0 -700.0 700.0 -6000.0 0.1000 0 0 0   951.831  4.748  2875
Element: 101 0.0 0.0 0.0 0.0    804M0 -700.0 700.0 -6000.0 0.1000 0 0 0   947.188  4.729  2872
Element: 102 0.0 0.0 0.0 0.0    805M0 -700.0 700.0 -6000.0 0.1000 0 0 0   942.431  4.710  2874
Element: 103 0.0 0.0 0.0 0.0    820M0 -700.0 700.0 -6000.0 0.1000 0 0 0   937.826  4.691  2873
Element: 104 0.0 0.0 0.0 0.0    981M0 -700.0 700.0 -6000.0 0.1000 0 0 0   932.282  4.675  2363
Element: 105 0.0 0.0 0.0 0.0    964M0 -700.0 700.0 -6000.0 0.1000 0 0 0   927.705  4.656  2360
Element: 106 0.0 0.0 0.0 0.0    965M0 -700.0 700.0 -6000.0 0.1000 0 0 0   923.026  4.637  2362
Element: 107 0.0 0.0 0.0 0.0    980M0 -700.0 700.0 -6000.0 0.1000 0 0 0   918.486  4.618  2361
Element: 108 0.0 0.0 0.0 0.0    949M0 -700.0 700.0 -6000.0 0.1000 0 0 0   913.844  4.599  2011
Element: 109 0.0 0.0 0.0 0.0    932M0 -700.0 700.0 -6000.0 0.1000 0 0 0   909.342  4.581  2008
Element: 110 0.0 0.0 0.0 0.0    933M0 -700.0 700.0 -6000.0 0.1000 0 0 0   904.737  4.561  2010
Element: 111 0.0 0.0 0.0 0.0    948M0 -700.0 700.0 -6000.0 0.1000 0 0 0   900.275  4.542  2009
Element: 112 0.0 0.0 0.0 0.0   1109M0 -700.0 700.0 -6000.0 0.1000 0 0 0   894.985  4.534  2619
Element: 113 0.0 0.0 0.0 0.0   1092M0 -700.0 700.0 -6000.0 0.1000 0 0 0   890.541  4.514  2616
Element: 114 0.0 0.0 0.0 0.0   1093M0 -700.0 700.0 -6000.0 0.1000 0 0 0   886.008  4.496  2618
Element: 115 0.0 0.0 0.0 0.0   1108M0 -700.0 700.0 -6000.0 0.1000 0 0 0   881.603  4.475  2617
Element: 116 0.0 0.0 0.0 0.0   1077M0 -700.0 700.0 -6000.0 0.1000 0 0 0   877.107  4.457  2331
Element: 117 0.0 0.0 0.0 0.0   1060M0 -700.0 700.0 -6000.0 0.1000 0 0 0   872.743  4.436  2328
Element: 118 0.0 0.0 0.0 0.0   1061M0 -700.0 700.0 -6000.0 0.1000 0 0 0   868.282  4.418  2330
Element: 119 0.0 0.0 0.0 0.0   1076M0 -700.0 700.0 -6000.0 0.1000 0 0 0   863.959  4.397  2329
Element: 120 0.0 0.0 0.0 0.0    917M0 -700.0 700.0 -6000.0 0.1000 0 0 0   858.908  4.397  2299
Element: 121 0.0 0.0 0.0 0.0    900M0 -700.0 700.0 -6000.0 0.1000 0 0 0   854.593  4.376  2296
Element: 122 0.0 0.0 0.0 0.0    901M0 -700.0 700.0 -6000.0 0.1000 0 0 0   850.201  4.358  2298
Element: 123 0.0 0.0 0.0 0.0    916M0 -700.0 700.0 -6000.0 0.1000 0 0 0   845.927  4.338  2297
Element: 124 0.0 0.0 0.0 0.0    885M0 -700.0 700.0 -6000.0 0.1000 0 0 0   841.570  4.319  2587
Element: 125 0.0 0.0 0.0 0.0    868M0 -700.0 700.0 -6000.0 0.1000 0 0 0   837.339  4.297  2584
Element: 126 0.0 0.0 0.0 0.0    869M0 -700.0 700.0 -6000.0 0.1000 0 0 0   833.017  4.280  2586
Element: 127 0.0 0.0 0.0 0.0    884M0 -700.0 700.0 -6000.0 0.1000 0 0 0   828.828  4.258  2585
Element: 128 0.0 0.0 0.0 0.0   1045M0 -700.0 700.0 -6000.0 0.1000 0 0 0   824.000  4.265  2043
Element: 129 0.0 0.0 0.0 0.0   1028M0 -700.0 700.0 -6000.0 0.1000 0 0 0   819.810  4.243  2040
Element: 130 0.0 0.0 0.0 0.0   1029M0 -700.0 700.0 -6000.0 0.1000 0 0 0   815.552  4.226  2042
Element: 131 0.0 0.0 0.0 0.0   1044M0 -700.0 700.0 -6000.0 0.1000 0 0 0   811.405  4.204  2041
Element: 132 0.0 0.0 0.0 0.0   1013M0 -700.0 700.0 -6000.0 0.1000 0 0 0   807.182  4.186  2651
Element: 133 0.0 0.0 0.0 0.0    996M0 -700.0 700.0 -6000.0 0.1000 0 0 0   803.079  4.164  2648
Element: 134 0.0 0.0 0.0 0.0    997M0 -700.0 700.0 -6000.0 0.1000 0 0 0   798.891  4.146  2650
Element: 135 0.0 0.0 0.0 0.0   1012M0 -700.0 700.0 -6000.0 0.1000 0 0 0   794.831  4.124  2649
Element: 136 0.0 0.0 0.0 0.0   1173M0 -700.0 700.0 -6000.0 0.1000 0 0 0   790.210  4.138  2939
Element: 137 0.0 0.0 0.0 0.0   1156M0 -700.0 700.0 -6000.0 0.1000 0 0 0   786.141  4.116  2936
Element: 138 0.0 0.0 0.0 0.0   1157M0 -700.0 700.0 -6000.0 0.1000 0 0 0   782.013  4.099  2938
Element: 139 0.0 0.0 0.0 0.0   1172M0 -700.0 700.0 -6000.0 0.1000 0 0 0   777.988  4.076  2937
Element: 140 0.0 0.0 0.0 0.0   1141M0 -700.0 700.0 -6000.0 0.1000 0 0 0   773.894  4.059  2907
Element: 141 0.0 0.0 0.0 0.0   1124M0 -700.0 700.0 -6000.0 0.1000 0 0 0   769.913  4.036  2904
Element: 142 0.0 0.0 0.0 0.0   1125M0 -700.0 700.0 -6000.0 0.1000 0 0 0   765.854  4.018  2906
Element: 143 0.0 0.0 0.0 0.0   1140M0 -700.0 700.0 -6000.0 0.1000 0 0 0   761.919  3.995  2905
Element: 144 0.0 0.0 0.0 0.0    855M0 -700.0 700.0 -6000.0 0.1000 0 0 0   757.492  4.016  2079
Element: 145 0.0 0.0 0.0 0.0    838M0 -700.0 700.0 -6000.0 0.1000 0 0 0   753.539  3.993  2076
Element: 146 0.0 0.0 0.0 0.0    839M0 -700.0 700.0 -6000.0 0.1000 0 0 0   749.535  3.976  2078
Element: 147 0.0 0.0 0.0 0.0    854M0 -700.0 700.0 -6000.0 0.1000 0 0 0   745.627  3.953  2077
Element: 148 0.0 0.0 0.0 0.0    823M0 -700.0 700.0 -6000.0 0.1000 0 0 0   741.657  3.936  2879
Element: 149 0.0 0.0 0.0 0.0    806M0 -700.0 700.0 -6000.0 0.1000 0 0 0   737.795  3.913  2876
Element: 150 0.0 0.0 0.0 0.0    807M0 -700.0 700.0 -6000.0 0.1000 0 0 0   733.858  3.896  2878
Element: 151 0.0 0.0 0.0 0.0    822M0 -700.0 700.0 -6000.0 0.1000 0 0 0   730.042  3.873  2877
Element: 152 0.0 0.0 0.0 0.0    983M0 -700.0 700.0 -6000.0 0.1000 0 0 0   725.797  3.898  2367
Element: 153 0.0 0.0 0.0 0.0    966M0 -700.0 700.0 -6000.0 0.1000 0 0 0   721.957  3.876  2364
Element: 154 0.0 0.0 0.0 0.0    967M0 -700.0 700.0 -6000.0 0.1000 0 0 0   718.071  3.859  2366
Element: 155 0.0 0.0 0.0 0.0    982M0 -700.0 700.0 -6000.0 0.1000 0 0 0   714.276  3.835  2365
Element: 156 0.0 0.0 0.0 0.0    951M0 -700.0 700.0 -6000.0 0.1000 0 0 0   710.424  3.818  2015
Element: 157 0.0 0.0 0.0 0.0    934M0 -700.0 700.0 -6000.0 0.1000 0 0 0   706.676  3.795  2012
Element: 158 0.0 0.0 0.0 0.0    935M0 -700.0 700.0 -6000.0 0.1000 0 0 0   702.856  3.778  2014
Element: 159 0.0 0.0 0.0 0.0    950M0 -700.0 700.0 -6000.0 0.1000 0 0 0   699.155  3.755  2013
Element: 160 0.0 0.0 0.0 0.0   1111M0 -700.0 700.0 -6000.0 0.1000 0 0 0   695.081  3.786  2623
Element: 161 0.0 0.0 0.0 0.0   1094M0 -700.0 700.0 -6000.0 0.1000 0 0 0   691.348  3.762  2620
Element: 162 0.0 0.0 0.0 0.0   1095M0 -700.0 700.0 -6000.0 0.1000 0 0 0   687.577  3.745  2622
Element: 163 0.0 0.0 0.0 0.0   1110M0 -700.0 700.0 -6000.0 0.1000 0 0 0   683.891  3.722  2621
Element: 164 0.0 0.0 0.0 0.0   1079M0 -700.0 700.0 -6000.0 0.1000 0 0 0   680.152  3.706  2335
Element: 165 0.0 0.0 0.0 0.0   1062M0 -700.0 700.0 -6000.0 0.1000 0 0 0   676.514  3.681  2332
Element: 166 0.0 0.0 0.0 0.0   1063M0 -700.0 700.0 -6000.0 0.1000 0 0 0   672.806  3.665  2334
Element: 167 0.0 0.0 0.0 0.0   1078M0 -700.0 700.0 -6000.0 0.1000 0 0 0   669.216  3.641  2333
Element: 168 0.0 0.0 0.0 0.0    919M0 -700.0 700.0 -6000.0 0.1000 0 0 0   665.301  3.677  2303
Element: 169 0.0 0.0 0.0 0.0    902M0 -700.0 700.0 -6000.0 0.1000 0 0 0   661.672  3.653  2300
Element: 170 0.0 0.0 0.0 0.0    903M0 -700.0 700.0 -6000.0 0.1000 0 0 0   658.010  3.637  2302
Element: 171 0.0 0.0 0.0 0.0    918M0 -700.0 700.0 -6000.0 0.1000 0 0 0   654.430  3.612  2301
Element: 172 0.0 0.0 0.0 0.0    887M0 -700.0 700.0 -6000.0 0.1000 0 0 0   650.799  3.596  2591
Element: 173 0.0 0.0 0.0 0.0    870M0 -700.0 700.0 -6000.0 0.1000 0 0 0   647.267  3.572  2588
Element: 174 0.0 0.0 0.0 0.0    871M0 -700.0 700.0 -6000.0 0.1000 0 0 0   643.667  3.557  2590
Element: 175 0.0 0.0 0.0 0.0    886M0 -700.0 700.0 -6000.0 0.1000 0 0 0   640.183  3.532  2589
Element: 176 0.0 0.0 0.0 0.0   1047M0 -700.0 700.0 -6000.0 0.1000 0 0 0   636.419  3.572  2047
Element: 177 0.0 0.0 0.0 0.0   1030M0 -700.0 700.0 -6000.0 0.1000 0 0 0   632.891  3.547  2044
Element: 178 0.0 0.0 0.0 0.0   1031M0 -700.0 700.0 -6000.0 0.1000 0 0 0   629.334  3.531  2046
Element: 179 0.0 0.0 0.0 0.0   1046M0 -700.0 700.0 -6000.0 0.1000 0 0 0   625.855  3.506  2045
Element: 180 0.0 0.0 0.0 0.0   1015M0 -700.0 700.0 -6000.0 0.1000 0 0 0   622.329  3.491  2655
Element: 181 0.0 0.0 0.0 0.0    998M0 -700.0 700.0 -6000.0 0.1000 0 0 0   618.898  3.467  2652
Element: 182 0.0 0.0 0.0 0.0    999M0 -700.0 700.0 -6000.0 0.1000 0 0 0   615.402  3.451  2654
Element: 183 0.0 0.0 0.0 0.0   1014M0 -700.0 700.0 -6000.0 0.1000 0 0 0   612.022  3.427  2653
Element: 184 0.0 0.0 0.0 0.0   1175M0 -700.0 700.0 -6000.0 0.1000 0 0 0   608.399  3.471  2943
Element: 185 0.0 0.0 0.0 0.0   1158M0 -700.0 700.0 -6000.0 0.1000 0 0 0   604.968  3.445  2940
Element: 186 0.0 0.0 0.0 0.0   1159M0 -700.0 700.0 -6000.0 0.1000 0 0 0   601.512  3.430  2942
Element: 187 0.0 0.0 0.0 0.0   1174M0 -700.0 700.0 -6000.0 0.1000 0 0 0   598.131  3.405  2941
Element: 188 0.0 0.0 0.0 0.0   1143M0 -700.0 700.0 -6000.0 0.1000 0 0 0   594.705  3.389  2911
Element: 189 0.0 0.0 0.0 0.0   1126M0 -700.0 700.0 -6000.0 0.1000 0 0 0   591.373  3.365  2908
Element: 190 0.0 0.0 0.0 0.0   1127M0 -700.0 700.0 -6000.0 0.1000 0 0 0   587.977  3.350  2910
Element: 191 0.0 0.0 0.0 0.0   1142M0 -700.0 700.0 -6000.0 0.1000 0 0 0   584.696  3.324  2909
Element: 192 0.0 0.0 0.0 0.0    857M0 -700.0 700.0 -6000.0 0.1000 0 0 0   581.206  3.373  2083
Element: 193 0.0 0.0 0.0 0.0    840M0 -700.0 700.0 -6000.0 0.1000 0 0 0   577.870  3.346  2080
Element: 194 0.0 0.0 0.0 0.0    841M0 -700.0 700.0 -6000.0 0.1000 0 0 0   574.512  3.331  2082
Element: 195 0.0 0.0 0.0 0.0    856M0 -700.0 700.0 -6000.0 0.1000 0 0 0   571.223  3.307  2081
Element: 196 0.0 0.0 0.0 0.0    825M0 -700.0 700.0 -6000.0 0.1000 0 0 0   567.889  3.293  2883
Element: 197 0.0 0.0 0.0 0.0    808M0 -700.0 700.0 -6000.0 0.1000 0 0 0   564.648  3.266  2880
Element: 198 0.0 0.0 0.0 0.0    809M0 -700.0 700.0 -6000.0 0.1000 0 0 0   561.343  3.251  2882
Element: 199 0.0 0.0 0.0 0.0    824M0 -700.0 700.0 -6000.0 0.1000 0 0 0   558.154  3.226  2881
Element: 200 0.0 0.0 0.0 0.0    985M0 -700.0 700.0 -6000.0 0.1000 0 0 0   554.786  3.278  2371
Element: 201 0.0 0.0 0.0 0.0    968M0 -700.0 700.0 -6000.0 0.1000 0 0 0   551.537  3.252  2368
Element: 202 0.0 0.0 0.0 0.0    969M0 -700.0 700.0 -6000.0 0.1000 0 0 0   548.270  3.237  2370
Element: 203 0.0 0.0 0.0 0.0    984M0 -700.0 700.0 -6000.0 0.1000 0 0 0   545.072  3.211  2369
Element: 204 0.0 0.0 0.0 0.0    953M0 -700.0 700.0 -6000.0 0.1000 0 0 0   541.834  3.196  2019
Element: 205 0.0 0.0 0.0 0.0    936M0 -700.0 700.0 -6000.0 0.1000 0 0 0   538.688  3.170  2016
Element: 206 0.0 0.0 0.0 0.0    937M0 -700.0 700.0 -6000.0 0.1000 0 0 0   535.478  3.157  2018
Element: 207 0.0 0.0 0.0 0.0    952M0 -700.0 700.0 -6000.0 0.1000 0 0 0   532.383  3.131  2017
Element: 208 0.0 0.0 0.0 0.0   1113M0 -700.0 700.0 -6000.0 0.1000 0 0 0   529.137  3.186  2627
Element: 209 0.0 0.0 0.0 0.0   1096M0 -700.0 700.0 -6000.0 0.1000 0 0 0   525.979  3.159  2624
Element: 210 0.0 0.0 0.0 0.0   1097M0 -700.0 700.0 -6000.0 0.1000 0 0 0   522.805  3.146  2626
Element: 211 0.0 0.0 0.0 0.0   1112M0 -700.0 700.0 -6000.0 0.1000 0 0 0   519.700  3.119  2625
Element: 212 0.0 0.0 0.0 0.0   1081M0 -700.0 700.0 -6000.0 0.1000 0 0 0   516.554  3.104  2339
Element: 213 0.0 0.0 0.0 0.0   1064M0 -700.0 700.0 -6000.0 0.1000 0 0 0   513.500  3.078  2336
Element: 214 0.0 0.0 0.0 0.0   1065M0 -700.0 700.0 -6000.0 0.1000 0 0 0   510.383  3.064  2338
Element: 215 0.0 0.0 0.0 0.0   1080M0 -700.0 700.0 -6000.0 0.1000 0 0 0   507.382  3.039  2337
Element: 216 0.0 0.0 0.0 0.0    921M0 -700.0 700.0 -6000.0 0.1000 0 0 0   504.253  3.096  2307
Element: 217 0.0 0.0 0.0 0.0    904M0 -700.0 700.0 -6000.0 0.1000 0 0 0   501.182  3.069  2304
Element: 218 0.0 0.0 0.0 0.0    905M0 -700.0 700.0 -6000.0 0.1000 0 0 0   498.100  3.055  2306
Element: 219 0.0 0.0 0.0 0.0    920M0 -700.0 700.0 -6000.0 0.1000 0 0 0   495.083  3.029  2305
Element: 220 0.0 0.0 0.0 0.0    889M0 -700.0 700.0 -6000.0 0.1000 0 0 0   492.027  3.014  2595
Element: 221 0.0 0.0 0.0 0.0    872M0 -700.0 700.0 -6000.0 0.1000 0 0 0   489.065  2.989  2592
Element: 222 0.0 0.0 0.0 0.0    873M0 -700.0 700.0 -6000.0 0.1000 0 0 0   486.036  2.975  2594
Element: 223 0.0 0.0 0.0 0.0    888M0 -700.0 700.0 -6000.0 0.1000 0 0 0   483.126  2.948  2593
Element: 224 0.0 0.0 0.0 0.0   1049M0 -700.0 700.0 -6000.0 0.1000 0 0 0   480.108  3.008  2051
Element: 225 0.0 0.0 0.0 0.0   1032M0 -700.0 700.0 -6000.0 0.1000 0 0 0   477.125  2.980  2048
Element: 226 0.0 0.0 0.0 0.0   1033M0 -700.0 700.0 -6000.0 0.1000 0 0 0   474.131  2.968  2050
Element: 227 0.0 0.0 0.0 0.0   1048M0 -700.0 700.0 -6000.0 0.1000 0 0 0   471.203  2.940  2049
Element: 228 0.0 0.0 0.0 0.0   1017M0 -700.0 700.0 -6000.0 0.1000 0 0 0   468.235  2.927  2659
Element: 229 0.0 0.0 0.0 0.0   1000M0 -700.0 700.0 -6000.0 0.1000 0 0 0   465.359  2.900  2656
Element: 230 0.0 0.0 0.0 0.0   1001M0 -700.0 700.0 -6000.0 0.1000 0 0 0   462.418  2.886  2658
Element: 231 0.0 0.0 0.0 0.0   1016M0 -700.0 700.0 -6000.0 0.1000 0 0 0   459.597  2.861  2657
Element: 232 0.0 0.0 0.0 0.0   1177M0 -700.0 700.0 -6000.0 0.1000 0 0 0   456.684  2.922  2947
Element: 233 0.0 0.0 0.0 0.0   1160M0 -700.0 700.0 -6000.0 0.1000 0 0 0   453.785  2.893  2944
Element: 234 0.0 0.0 0.0 0.0   1161M0 -700.0 700.0 -6000.0 0.1000 0 0 0   450.879  2.882  2946
Element: 235 0.0 0.0 0.0 0.0   1176M0 -700.0 700.0 -6000.0 0.1000 0 0 0   448.036  2.854  2945
Element: 236 0.0 0.0 0.0 0.0   1145M0 -700.0 700.0 -6000.0 0.1000 0 0 0   445.154  2.840  2915
Element: 237 0.0 0.0 0.0 0.0   1128M0 -700.0 700.0 -6000.0 0.1000 0 0 0   442.366  2.815  2912
Element: 238 0.0 0.0 0.0 0.0   1129M0 -700.0 700.0 -6000.0 0.1000 0 0 0   439.510  2.802  2914
Element: 239 0.0 0.0 0.0 0.0   1144M0 -700.0 700.0 -6000.0 0.1000 0 0 0   436.776  2.773  2913
Element: 240 0.0 0.0 0.0 0.0    859M0 -700.0 700.0 -6000.0 0.1000 0 0 0   433.964  2.838  2087
Element: 241 0.0 0.0 0.0 0.0    842M0 -700.0 700.0 -6000.0 0.1000 0 0 0   431.150  2.809  2084
Element: 242 0.0 0.0 0.0 0.0    843M0 -700.0 700.0 -6000.0 0.1000 0 0 0   428.328  2.798  2086
Element: 243 0.0 0.0 0.0 0.0    858M0 -700.0 700.0 -6000.0 0.1000 0 0 0   425.569  2.769  2085
Element: 244 0.0 0.0 0.0 0.0    827M0 -700.0 700.0 -6000.0 0.1000 0 0 0   422.773  2.756  2887
Element: 245 0.0 0.0 0.0 0.0    810M0 -700.0 700.0 -6000.0 0.1000 0 0 0   420.069  2.729  2884
Element: 246 0.0 0.0 0.0 0.0    811M0 -700.0 700.0 -6000.0 0.1000 0 0 0   417.296  2.717  2886
Element: 247 0.0 0.0 0.0 0.0    826M0 -700.0 700.0 -6000.0 0.1000 0 0 0   414.648  2.690  2885
Element: 248 0.0 0.0 0.0 0.0    987M0 -700.0 700.0 -6000.0 0.1000 0 0 0   411.936  2.755  2375
Element: 249 0.0 0.0 0.0 0.0    970M0 -700.0 700.0 -6000.0 0.1000 0 0 0   409.204  2.725  2372
Element: 250 0.0 0.0 0.0 0.0    971M0 -700.0 700.0 -6000.0 0.1000 0 0 0   406.465  2.714  2374
Element: 251 0.0 0.0 0.0 0.0    986M0 -700.0 700.0 -6000.0 0.1000 0 0 0   403.790  2.685  2373
Element: 252 0.0 0.0 0.0 0.0    955M0 -700.0 700.0 -6000.0 0.1000 0 0 0   401.075  2.674  2023
Element: 253 0.0 0.0 0.0 0.0    938M0 -700.0 700.0 -6000.0 0.1000 0 0 0   398.456  2.646  2020
Element: 254 0.0 0.0 0.0 0.0    939M0 -700.0 700.0 -6000.0 0.1000 0 0 0   395.765  2.635  2022
Element: 255 0.0 0.0 0.0 0.0    954M0 -700.0 700.0 -6000.0 0.1000 0 0 0   393.201  2.606  2021
Element: 256 0.0 0.0 0.0 0.0   1115M0 -700.0 700.0 -6000.0 0.1000 0 0 0   390.586  2.672  2631
Element: 257 0.0 0.0 0.0 0.0   1098M0 -700.0 700.0 -6000.0 0.1000 0 0 0   387.936  2.644  2628
Element: 258 0.0 0.0 0.0 0.0   1099M0 -700.0 700.0 -6000.0 0.1000 0 0 0   385.279  2.633  2630
Element: 259 0.0 0.0 0.0 0.0   1114M0 -700.0 700.0 -6000.0 0.1000 0 0 0   382.686  2.603  2629
Element: 260 0.0 0.0 0.0 0.0   1083M0 -700.0 700.0 -6000.0 0.1000 0 0 0   380.052  2.592  2343
Element: 261 0.0 0.0 0.0 0.0   1066M0 -700.0 700.0 -6000.0 0.1000 0 0 0   377.516  2.563  2340
Element: 262 0.0 0.0 0.0 0.0   1067M0 -700.0 700.0 -6000.0 0.1000 0 0 0   374.907  2.552  2342
Element: 263 0.0 0.0 0.0 0.0   1082M0 -700.0 700.0 -6000.0 0.1000 0 0 0   372.426  2.525  2341
Element: 264 0.0 0.0 0.0 0.0    923M0 -700.0 700.0 -6000.0 0.1000 0 0 0   369.904  2.590  2311
Element: 265 0.0 0.0 0.0 0.0    906M0 -700.0 700.0 -6000.0 0.1000 0 0 0   367.333  2.564  2308
Element: 266 0.0 0.0 0.0 0.0    907M0 -700.0 700.0 -6000.0 0.1000 0 0 0   364.757  2.552  2310
Element: 267 0.0 0.0 0.0 0.0    922M0 -700.0 700.0 -6000.0 0.1000 0 0 0   362.246  2.522  2309
Element: 268 0.0 0.0 0.0 0.0    891M0 -700.0 700.0 -6000.0 0.1000 0 0 0   359.693  2.512  2599
Element: 269 0.0 0.0 0.0 0.0    874M0 -700.0 700.0 -6000.0 0.1000 0 0 0   357.239  2.482  2596
Element: 270 0.0 0.0 0.0 0.0    875M0 -700.0 700.0 -6000.0 0.1000 0 0 0   354.707  2.471  2598
Element: 271 0.0 0.0 0.0 0.0    890M0 -700.0 700.0 -6000.0 0.1000 0 0 0   352.312  2.442  2597
Element: 272 0.0 0.0 0.0 0.0   1051M0 -700.0 700.0 -6000.0 0.1000 0 0 0   349.879  2.511  2055
Element: 273 0.0 0.0 0.0 0.0   1034M0 -700.0 700.0 -6000.0 0.1000 0 0 0   347.389  2.481  2052
Element: 274 0.0 0.0 0.0 0.0   1035M0 -700.0 700.0 -6000.0 0.1000 0 0 0   344.896  2.470  2054
Element: 275 0.0 0.0 0.0 0.0   1050M0 -700.0 700.0 -6000.0 0.1000 0 0 0   342.464  2.441  2053
Element: 276 0.0 0.0 0.0 0.0   1019M0 -700.0 700.0 -6000.0 0.1000 0 0 0   339.991  2.432  2663
Element: 277 0.0 0.0 0.0 0.0   1002M0 -700.0 700.0 -6000.0 0.1000 0 0 0   337.618  2.400  2660
Element: 278 0.0 0.0 0.0 0.0   1003M0 -700.0 700.0 -6000.0 0.1000 0 0 0   335.166  2.392  2662
Element: 279 0.0 0.0 0.0 0.0   1018M0 -700.0 700.0 -6000.0 0.1000 0 0 0   332.851  2.361  2661
Element: 280 0.0 0.0 0.0 0.0   1179M0 -700.0 700.0 -6000.0 0.1000 0 0 0   330.510  2.430  2951
Element: 281 0.0 0.0 0.0 0.0   1162M0 -700.0 700.0 -6000.0 0.1000 0 0 0   328.099  2.400  2948
Element: 282 0.0 0.0 0.0 0.0   1163M0 -700.0 700.0 -6000.0 0.1000 0 0 0   325.685  2.392  2950
Element: 283 0.0 0.0 0.0 0.0   1178M0 -700.0 700.0 -6000.0 0.1000 0 0 0   323.335  2.361  2949
Element: 284 0.0 0.0 0.0 0.0   1147M0 -700.0 700.0 -6000.0 0.1000 0 0 0   320.940  2.352  2919
Element: 285 0.0 0.0 0.0 0.0   1130M0 -700.0 700.0 -6000.0 0.1000 0 0 0   318.650  2.322  2916
Element: 286 0.0 0.0 0.0 0.0   1131M0 -700.0 700.0 -6000.0 0.1000 0 0 0   316.275  2.313  2918
Element: 287 0.0 0.0 0.0 0.0   1146M0 -700.0 700.0 -6000.0 0.1000 0 0 0   314.044  2.282  2917
Element: 288 0.0 0.0 0.0 0.0    861M0 -700.0 700.0 -6000.0 0.1000 0 0 0   311.788  2.350  2091
Element: 289 0.0 0.0 0.0 0.0    844M0 -700.0 700.0 -6000.0 0.1000 0 0 0   309.457  2.321  2088
Element: 290 0.0 0.0 0.0 0.0    845M0 -700.0 700.0 -6000.0 0.1000 0 0 0   307.123  2.312  2090
Element: 291 0.0 0.0 0.0 0.0    860M0 -700.0 700.0 -6000.0 0.1000 0 0 0   304.854  2.280  2089
Element: 292 0.0 0.0 0.0 0.0    829M0 -700.0 700.0 -6000.0 0.1000 0 0 0   302.536  2.273  2891
Element: 293 0.0 0.0 0.0 0.0    812M0 -700.0 700.0 -6000.0 0.1000 0 0 0   300.326  2.242  2888
Element: 294 0.0 0.0 0.0 0.0    813M0 -700.0 700.0 -6000.0 0.1000 0 0 0   298.029  2.232  2890
Element: 295 0.0 0.0 0.0 0.0    828M0 -700.0 700.0 -6000.0 0.1000 0 0 0   295.879  2.202  2889
Element: 296 0.0 0.0 0.0 0.0    989M0 -700.0 700.0 -6000.0 0.1000 0 0 0   293.713  2.272  2379
Element: 297 0.0 0.0 0.0 0.0    972M0 -700.0 700.0 -6000.0 0.1000 0 0 0   291.461  2.242  2376
Element: 298 0.0 0.0 0.0 0.0    973M0 -700.0 700.0 -6000.0 0.1000 0 0 0   289.206  2.234  2378
Element: 299 0.0 0.0 0.0 0.0    988M0 -700.0 700.0 -6000.0 0.1000 0 0 0   287.015  2.203  2377
Element: 300 0.0 0.0 0.0 0.0    957M0 -700.0 700.0 -6000.0 0.1000 0 0 0   284.778  2.193  2027
Element: 301 0.0 0.0 0.0 0.0    940M0 -700.0 700.0 -6000.0 0.1000 0 0 0   282.649  2.163  2024
Element: 302 0.0 0.0 0.0 0.0    941M0 -700.0 700.0 -6000.0 0.1000 0 0 0   280.429  2.155  2026
Element: 303 0.0 0.0 0.0 0.0    956M0 -700.0 700.0 -6000.0 0.1000 0 0 0   278.361  2.125  2025
Element: 304 0.0 0.0 0.0 0.0   1117M0 -700.0 700.0 -6000.0 0.1000 0 0 0   276.282  2.193  2635
Element: 305 0.0 0.0 0.0 0.0   1100M0 -700.0 700.0 -6000.0 0.1000 0 0 0   274.107  2.162  2632
Element: 306 0.0 0.0 0.0 0.0   1101M0 -700.0 700.0 -6000.0 0.1000 0 0 0   271.933  2.152  2634
Element: 307 0.0 0.0 0.0 0.0   1116M0 -700.0 700.0 -6000.0 0.1000 0 0 0   269.822  2.121  2633
Element: 308 0.0 0.0 0.0 0.0   1085M0 -700.0 700.0 -6000.0 0.1000 0 0 0   267.664  2.113  2347
Element: 309 0.0 0.0 0.0 0.0   1068M0 -700.0 700.0 -6000.0 0.1000 0 0 0   265.615  2.084  2344
Element: 310 0.0 0.0 0.0 0.0   1069M0 -700.0 700.0 -6000.0 0.1000 0 0 0   263.473  2.075  2346
Element: 311 0.0 0.0 0.0 0.0   1084M0 -700.0 700.0 -6000.0 0.1000 0 0 0   261.485  2.043  2345
Element: 312 0.0 0.0 0.0 0.0    925M0 -700.0 700.0 -6000.0 0.1000 0 0 0   259.493  2.114  2315
Element: 313 0.0 0.0 0.0 0.0    908M0 -700.0 700.0 -6000.0 0.1000 0 0 0   257.399  2.081  2312
Element: 314 0.0 0.0 0.0 0.0    909M0 -700.0 700.0 -6000.0 0.1000 0 0 0   255.304  2.072  2314
Element: 315 0.0 0.0 0.0 0.0    924M0 -700.0 700.0 -6000.0 0.1000 0 0 0   253.273  2.042  2313
Element: 316 0.0 0.0 0.0 0.0    893M0 -700.0 700.0 -6000.0 0.1000 0 0 0   251.194  2.036  2603
Element: 317 0.0 0.0 0.0 0.0    876M0 -700.0 700.0 -6000.0 0.1000 0 0 0   249.225  2.003  2600
Element: 318 0.0 0.0 0.0 0.0    877M0 -700.0 700.0 -6000.0 0.1000 0 0 0   247.160  1.995  2602
Element: 319 0.0 0.0 0.0 0.0    892M0 -700.0 700.0 -6000.0 0.1000 0 0 0   245.254  1.967  2601
Element: 320 0.0 0.0 0.0 0.0   1053M0 -700.0 700.0 -6000.0 0.1000 0 0 0   243.347  2.032  2059
Element: 321 0.0 0.0 0.0 0.0   1036M0 -700.0 700.0 -6000.0 0.1000 0 0 0   241.335  2.002  2056
Element: 322 0.0 0.0 0.0 0.0   1037M0 -700.0 700.0 -6000.0 0.1000 0 0 0   239.320  1.995  2058
Element: 323 0.0 0.0 0.0 0.0   1052M0 -700.0 700.0 -6000.0 0.1000 0 0 0   237.370  1.963  2057
Element: 324 0.0 0.0 0.0 0.0   1021M0 -700.0 700.0 -6000.0 0.1000 0 0 0   235.367  1.957  2667
Element: 325 0.0 0.0 0.0 0.0   1004M0 -700.0 700.0 -6000.0 0.1000 0 0 0   233.481  1.926  2664
Element: 326 0.0 0.0 0.0 0.0   1005M0 -700.0 700.0 -6000.0 0.1000 0 0 0   231.493  1.917  2666
Element: 327 0.0 0.0 0.0 0.0   1020M0 -700.0 700.0 -6000.0 0.1000 0 0 0   229.669  1.886  2665
##
## Yoke 00
Element: 328 0.0 0.0 0.0 0.0   1132M0 -700.0 700.0 -6000.0 0.1000 0 0 0   226.166  3.949  2920
Element: 329 0.0 0.0 0.0 0.0   1133M0 -700.0 700.0 -6000.0 0.1000 0 0 0   222.253  3.875  2922
Element: 330 0.0 0.0 0.0 0.0   1149M0 -700.0 700.0 -6000.0 0.1000 0 0 0   218.416  3.794  2923
Element: 331 0.0 0.0 0.0 0.0   1148M0 -700.0 700.0 -6000.0 0.1000 0 0 0   214.656  3.722  2921
## Yoke 01							         	              
Element: 332 0.0 0.0 0.0 0.0    814M0 -700.0 700.0 -6000.0 0.1000 0 0 0   210.898  3.828  2892
Element: 333 0.0 0.0 0.0 0.0    815M0 -700.0 700.0 -6000.0 0.1000 0 0 0   207.107  3.753  2894
Element: 334 0.0 0.0 0.0 0.0    831M0 -700.0 700.0 -6000.0 0.1000 0 0 0   203.394  3.670  2895
Element: 335 0.0 0.0 0.0 0.0    830M0 -700.0 700.0 -6000.0 0.1000 0 0 0   199.757  3.597  2893
## Yoke 02							         	              
Element: 336 0.0 0.0 0.0 0.0    878M0 -700.0 700.0 -6000.0 0.1000 0 0 0   196.097  3.728  2604
Element: 337 0.0 0.0 0.0 0.0    879M0 -700.0 700.0 -6000.0 0.1000 0 0 0   192.405  3.650  2606
Element: 338 0.0 0.0 0.0 0.0    895M0 -700.0 700.0 -6000.0 0.1000 0 0 0   188.793  3.574  2607
Element: 339 0.0 0.0 0.0 0.0    894M0 -700.0 700.0 -6000.0 0.1000 0 0 0   185.256  3.497  2605
## Yoke 03							         	              
Element: 340 0.0 0.0 0.0 0.0    942M0 -700.0 700.0 -6000.0 0.1000 0 0 0   181.893  3.222  2028
Element: 341 0.0 0.0 0.0 0.0    943M0 -700.0 700.0 -6000.0 0.1000 0 0 0   178.702  3.156  2030
Element: 342 0.0 0.0 0.0 0.0    959M0 -700.0 700.0 -6000.0 0.1000 0 0 0   175.580  3.089  2031
Element: 343 0.0 0.0 0.0 0.0    958M0 -700.0 700.0 -6000.0 0.1000 0 0 0   172.520  3.021  2029
## Yoke 04							         	              
Element: 344 0.0 0.0 0.0 0.0   1006M0 -700.0 700.0 -6000.0 0.1000 0 0 0   169.369  3.261  2668
Element: 345 0.0 0.0 0.0 0.0   1007M0 -700.0 700.0 -6000.0 0.1000 0 0 0   166.142  3.192  2670
Element: 346 0.0 0.0 0.0 0.0   1023M0 -700.0 700.0 -6000.0 0.1000 0 0 0   162.983  3.123  2671
Element: 347 0.0 0.0 0.0 0.0   1022M0 -700.0 700.0 -6000.0 0.1000 0 0 0   159.896  3.048  2669
## Yoke 05							         	              
Element: 348 0.0 0.0 0.0 0.0   1070M0 -700.0 700.0 -6000.0 0.1000 0 0 0   157.008  2.739  2348
Element: 349 0.0 0.0 0.0 0.0   1071M0 -700.0 700.0 -6000.0 0.1000 0 0 0   154.297  2.683  2350
Element: 350 0.0 0.0 0.0 0.0   1087M0 -700.0 700.0 -6000.0 0.1000 0 0 0   151.644  2.625  2351
Element: 351 0.0 0.0 0.0 0.0   1086M0 -700.0 700.0 -6000.0 0.1000 0 0 0   149.048  2.563  2349
## Yoke 06							         	              
Element: 352 0.0 0.0 0.0 0.0   1134M0 -700.0 700.0 -6000.0 0.1000 0 0 0   146.379  2.757  2924
Element: 353 0.0 0.0 0.0 0.0   1135M0 -700.0 700.0 -6000.0 0.1000 0 0 0   143.648  2.696  2926
Element: 354 0.0 0.0 0.0 0.0   1151M0 -700.0 700.0 -6000.0 0.1000 0 0 0   140.979  2.638  2927
Element: 355 0.0 0.0 0.0 0.0   1150M0 -700.0 700.0 -6000.0 0.1000 0 0 0   138.370  2.573  2925
## Yoke 07							         	              
Element: 356 0.0 0.0 0.0 0.0   1164M0 -700.0 700.0 -6000.0 0.1000 0 0 0   135.958  2.260  2952
Element: 357 0.0 0.0 0.0 0.0   1165M0 -700.0 700.0 -6000.0 0.1000 0 0 0   133.719  2.212  2954
Element: 358 0.0 0.0 0.0 0.0   1181M0 -700.0 700.0 -6000.0 0.1000 0 0 0   131.529  2.163  2955
Element: 359 0.0 0.0 0.0 0.0   1180M0 -700.0 700.0 -6000.0 0.1000 0 0 0   129.388  2.114  2953
## Yoke 08							         	              
Element: 360 0.0 0.0 0.0 0.0    846M0 -700.0 700.0 -6000.0 0.1000 0 0 0   127.188  2.277  2092
Element: 361 0.0 0.0 0.0 0.0    847M0 -700.0 700.0 -6000.0 0.1000 0 0 0   124.934  2.227  2094
Element: 362 0.0 0.0 0.0 0.0    863M0 -700.0 700.0 -6000.0 0.1000 0 0 0   122.730  2.176  2095
Element: 363 0.0 0.0 0.0 0.0    862M0 -700.0 700.0 -6000.0 0.1000 0 0 0   120.577  2.124  2093
## Yoke 09							         	               
Element: 364 0.0 0.0 0.0 0.0    974M0 -700.0 700.0 -6000.0 0.1000 0 0 0   118.566  1.871  2380
Element: 365 0.0 0.0 0.0 0.0    975M0 -700.0 700.0 -6000.0 0.1000 0 0 0   116.713  1.831  2382
Element: 366 0.0 0.0 0.0 0.0    991M0 -700.0 700.0 -6000.0 0.1000 0 0 0   114.901  1.790  2383
Element: 367 0.0 0.0 0.0 0.0    990M0 -700.0 700.0 -6000.0 0.1000 0 0 0   113.132  1.747  2381
##
##
Initialise: 
Display: 1D Nhits       200 0 200
Display: 1D NhitsPrompt 32 0 32
Display: 1D NhitsRand   32 0 32
Display: 1D Hits        368 0 368
Display: 1D HitsPrompt  368 0 368
Display: 1D HitsRand    368 0 368
Display: 1D TimeOR     1200 -450.0 750.0
Display: 1D TimeAll    1200 -450.0 750.0
#Display: 1D Time  400 -200.0 200.0   0 368
#Display: 1D Eelect   1000 0 1000.0
Display: 1D ScalerCurr 368 0 368
Display: 1D ScalerAcc  368 0 368
Display: 1D Doubles  	368 0 368
Display: 1D NDoubles  	64 0 64
#Display: 2D TimeOR   200 -200.0 200.0 -1 Hits 368 0 368 -1
#Display: 2D TimeOR   200 -200.0 200.0 -1 Doubles 368 0 368 -1
Display: 2D TimeOR   600 -450.0 750.0 -1 Hits 368 0 368 -1
Display: 2D TimeOR   600 -450.0 750.0 -1 Doubles 368 0 368 -1
Display: 2D TimeAll  600 -450.0 750.0 -1 Hits 368 0 368 -1
